5447
20957
31159
32826
4429
7919
48369
28740
44969
35867
5457
7778
38006
39929
27263
39217
2146
18018
49951
32393
19904
11144
45362
30823
48259
2493
12340
38709
47045
23368
24032
13367
45987
35149
3283
30809
16916
36483
21612
39924
551
28810
12834
48132
888
47040
21232
2648
32975
3602
8684
18405
6700
10717
20922
40946
37014
7600
693
14611
11090
39195
39704
27448
4775
8607
23990
47417
23663
21210
35758
29082
45725
44285
46161
41547
4122
19101
24656
14445
5817
43992
40607
26376
20494
44784
39471
19443
13950
23122
28124
5796
24271
40802
1121
5894
35730
47504
34598
25758
13684
12869
10912
41389
21746
2039
6232
4248
803
29562
25559
39976
16752
3996
585
20876
9737
46812
21711
4402
45399
21107
32528
49384
34210
35234
28207
40413
31648
5029
41769
42310
18973
505
10882
31818
40210
15460
6334
27035
30453
30689
9936
46105
4467
37632
48141
45020
28746
660
27244
45001
3618
48938
11444
15127
8372
24371
32389
14409
12630
36726
27498
1036
23463
10864
20588
4297
16018
36775
36739
19183
43605
45353
17077
40579
24202
550
47190
47766
22550
11931
46908
12293
32158
49315
26186
40677
33982
48875
29166
49711
8685
32368
34609
49274
29456
41575
16391
7205
34206
1900
24650
16234
33922
5578
1871
6735
13830
19990
48901
27508
4565
36679
9800
7493
2046
30550
27511
8759
12912
22606
9678
33651
19404
29649
17930
34892
46612
14224
5088
28747
10873
39058
1083
39983
48668
10772
7219
18333
31167
29667
34805
12001
14093
40787
46478
21083
21363
28432
42111
44815
49367
22798
768
19731
46575
9401
11452
42473
3327
3914
7943
44127
33629
3243
43530
7833
25293
10804
11629
45082
19216
6037
29375
39330
35477
5171
19784
30583
10164
14416
36653
34396
7244
44551
16492
8356
15716
27355
41315
41495
3978
36812
22075
36920
33210
9736
45186
40117
25633
26923
17431
17373
6291
16054
1500
42485
39148
47445
10335
7757
15446
8849
38275
34587
4923
17303
27804
9422
20228
33914
22982
35661
1093
23564
45483
48286
48088
41319
34457
338
31513
46332
43274
18465
5487
21823
27639
1717
30014
14972
17141
19743
21806
15880
13634
34012
34526
1943
36935
7299
49460
25527
30131
16991
17302
26914
29506
34404
15562
21191
2513
12967
25484
12116
14066
17862
30902
44004
33671
9584
21476
18158
24087
34485
18711
5794
29242
13978
49175
5199
43053
44894
41515
43621
29738
43081
36184
10995
47418
44774
41140
15925
46316
28315
40192
49982
28496
18778
10338
20451
16308
41312
32840
16582
17351
46138
7429
48393
8658
23194
19538
23941
40066
1621
13144
33885
15338
15361
45209
7271
48745
28531
20007
10638
3883
2245
48258
26580
36744
16682
1031
43848
36713
49123
4835
25444
25204
9837
4831
31298
11013
43825
47333
3099
9864
6956
40194
13538
28973
49077
44978
4128
19166
22744
30342
37274
49653
15390
48384
35755
16598
44690
15622
25438
15762
22312
11192
14201
18618
33464
27424
3614
34365
1387
4616
18773
30460
16445
6718
10713
39284
19879
15231
25642
20107
15478
21641
16534
19627
45637
36239
36555
41429
32798
38094
36044
24646
23495
7865
30538
5713
3347
15884
40141
36204
36097
49527
2326
13316
14199
21949
45139
20271
3788
47751
43554
46420
21947
20152
40398
1155
27523
18672
14027
19626
38855
42843
18470
15820
4041
27449
27558
1873
25492
37025
13723
28223
23536
3443
38350
48871
10655
42625
28451
5562
43718
18108
46025
36930
32470
26550
43322
17392
18877
49884
18426
48846
12934
31189
31168
35325
11021
49334
32433
20553
45308
773
20278
22018
14035
24504
35379
18641
29926
39907
14872
34644
19247
7330
36168
22694
18579
10047
10921
10126
25942
32043
23567
41493
26961
32206
41772
37305
17635
655
37752
26888
29796
22804
30354
40433
37110
11572
9002
17361
35587
38812
17241
32108
9699
8287
28003
33407
12407
1800
14048
25047
21391
23508
17157
1359
42872
4665
8488
10619
20031
41149
28857
23832
23458
46640
49539
28918
617
46181
48628
9130
13645
38954
7784
37561
33972
30621
25460
12545
36007
25120
1249
32274
3650
29923
4055
45370
45029
40981
203
6062
21163
15745
28114
26118
12367
33431
32363
28116
22418
12756
1863
28931
6930
7133
23576
24204
16734
26976
3333
48648
39461
15721
1993
20280
24279
47965
28381
14097
29237
23426
13520
38028
15018
19845
27252
47464
28731
15900
38773
14814
23605
14600
24819
4622
40923
24368
21244
24109
14565
35988
21868
33030
45965
7977
5048
33647
11413
7849
37394
772
31830
48034
35560
14506
39155
2170
49879
17353
46672
41802
38928
8143
23897
31012
32032
36431
46744
36362
45567
30412
38242
33595
14349
15448
45446
44937
16390
19553
30269
15053
28821
46507
31178
30960
14771
7464
48724
30786
42440
3779
24358
31325
31898
44518
25147
9820
38430
18695
6948
45858
2444
15234
27541
22419
7081
27330
26705
45915
9679
41385
6637
17106
41201
19667
21068
16401
21058
49720
10736
30322
30033
49558
47755
21912
12144
33372
17199
10913
42392
25137
49522
37009
47639
20530
35176
16700
2721
40895
5862
18109
44844
4783
41497
20882
6682
29146
77
16701
1477
49550
3828
24141
48874
48164
4708
16895
30332
8734
26094
46151
24996
3888
41004
34313
5870
46959
34621
30705
31758
42528
17791
24305
47570
39818
12162
17802
28057
3338
33819
8960
27411
37189
25081
28715
28176
23831
14875
45706
25431
21311
31469
48513
37689
12012
17898
31322
2406
47449
7788
24291
8812
46266
33795
19341
43232
16063
38353
8908
10066
30868
47519
38542
45659
2878
33006
47617
26667
12592
35451
48679
9608
20770
49296
19980
37908
30759
16837
37423
12629
35643
4221
20579
1934
1265
37011
18631
28463
2753
16566
39547
26901
8655
17947
39302
27469
4531
32048
30204
22909
30486
38477
39422
16473
13541
29180
48566
38427
10841
22247
30406
6988
46476
20573
35825
44401
1445
7227
32799
8113
919
11511
49049
26266
27693
11152
16078
39091
11896
38247
7607
20710
27382
35262
27597
20717
9315
12291
49629
47726
27626
40374
27643
10347
14462
17965
16502
28021
16263
18342
28489
20907
8930
2354
9810
15699
16786
21398
20135
15626
16819
17459
42149
17461
13288
45447
18651
29230
12059
5469
46702
36314
4433
14023
17470
5083
21585
44517
32563
40655
37001
461
6648
23244
9816
28757
11032
19472
23535
47511
25373
14729
18487
46163
30987
27609
41521
16676
32119
46886
24418
36337
24713
47491
230
46265
34982
36637
15980
41685
7382
16922
26402
2780
45759
40680
36036
9
31765
7189
34988
33971
37031
26309
9859
29287
358
45437
36502
3986
42102
3113
25830
24681
7907
25202
37851
23676
8086
25380
49163
38506
47379
35595
27661
42536
41872
22134
21075
5851
21704
16437
22937
15405
967
34013
27303
19308
37517
32207
17213
28137
13088
14716
30848
26621
35397
47013
5313
17192
3038
43499
4752
37053
37243
19386
46780
46553
23067
6152
18766
4243
7529
44214
22177
21127
19902
30599
21787
34809
23111
10401
28097
40974
10339
7677
45660
1075
20
23514
12341
6366
8947
6484
26302
21702
13601
42438
49859
35699
21613
31241
3463
45011
13081
26081
9220
45816
13327
22229
3624
37819
11710
48965
7753
8424
17542
542
36248
18493
35792
37687
21156
4680
16430
40979
40138
43596
16825
33273
31699
42308
33681
38515
32285
45792
13141
27837
47867
19708
18215
42581
27516
6719
24597
26015
49633
3032
33619
20586
16876
32122
6283
43382
24610
10330
48348
43330
9900
21198
26070
35045
9912
30936
10646
2506
42007
1413
42577
30416
9764
45372
43192
28079
26972
33880
6966
44068
22653
17101
48452
16135
14685
20481
31029
22553
47221
18415
8134
10101
47533
44122
2050
28111
5623
40480
23400
27994
17836
12599
34972
36785
817
8584
46383
34149
23361
35312
15351
6755
22095
20643
36791
42025
30999
31689
17644
2665
48073
3951
43761
7001
40093
10454
47437
49330
39490
41079
7525
27813
16533
8355
26549
14465
17699
25551
49230
24813
38977
15551
24438
20833
7475
13528
7962
28947
45674
39413
47053
14795
35556
21846
2812
45619
29853
32063
5539
42364
29521
15796
31888
11877
15313
25067
11330
28644
29189
45267
20678
7905
12098
36246
37468
39376
5246
28546
5187
2210
37293
40606
2853
35842
49852
8534
7626
18797
13718
48586
15981
46195
15301
48448
40804
4574
18150
35216
365
42322
28486
48220
47097
7545
2548
30728
28597
20797
23628
38075
37000
41728
7070
17915
4723
43687
7711
21506
18451
20353
47606
36300
13705
34385
28849
40087
14447
28231
32719
22459
4698
28396
48045
20399
23611
19372
13370
26420
11310
37193
19666
42210
15274
21332
5004
26056
2774
19544
47481
39309
16215
9676
40021
21305
19355
12738
26454
20383
8385
45006
11244
29224
49302
49450
12921
39988
22662
17408
15178
24465
5483
11608
14952
7269
20203
31536
26698
40664
12701
16084
46144
22198
37865
22824
13071
16181
14365
38059
35182
11990
8792
4713
1556
210
34658
6643
48294
41414
11767
35641
32006
46609
16352
39515
9149
2358
15548
32237
39828
26760
29806
36051
44166
41882
11986
37723
23961
12865
3229
8648
9409
40776
7108
28206
13037
7931
32914
33943
29887
24917
46155
36190
35948
29051
11336
6588
45956
12490
30026
28490
35153
40416
11708
12653
709
18567
19983
3011
9645
10774
41838
34254
44009
11216
4441
28826
44205
32806
44893
33627
11455
37311
32082
38231
34291
49062
18255
27101
13710
45493
16651
6584
29570
29102
38834
40010
44416
48677
841
21812
133
39108
31925
31848
2351
49174
24500
21074
19148
36879
11321
45142
9445
31270
3226
15394
377
22069
7267
44052
30553
34885
21960
10010
20720
23963
46560
27100
27929
42691
25414
3629
15854
29219
16498
38796
37684
21089
9626
836
32535
45687
16705
45181
35200
43351
13626
48895
43946
16776
41860
23922
31553
25573
35854
13779
14740
12814
33010
48271
48359
2630
26945
28679
5312
39883
17554
19469
41853
21530
34074
27577
13492
10297
15655
29474
17071
14752
1040
3067
846
15380
12030
11846
45434
28205
11588
18188
31104
49761
22871
5477
35022
36888
42320
4437
34928
1729
31718
43136
1415
43260
17632
7453
13959
26411
33436
9927
1420
27367
32859
46747
1980
22325
23057
21902
15298
44843
26496
6472
15335
44317
30367
4802
11091
11458
10532
25041
35349
21909
46833
13432
28164
41976
9384
9933
35460
17184
13755
41987
26752
27327
8816
4971
17620
756
42888
11859
14879
34717
11209
37805
17606
10759
24415
25195
7563
25554
11617
24919
37518
40612
26786
31715
45028
36705
2698
40863
1676
15667
35070
12258
11905
18768
49442
30876
39415
10356
9428
22144
32038
11515
19698
34905
13
15918
27513
11690
40793
47532
10688
1422
11917
35310
33964
42296
4171
34168
9194
34810
7095
18003
7026
14316
12933
5227
31024
39770
25230
29467
39272
42799
17526
17601
48403
21670
29623
15091
11422
35510
20910
24068
45920
5775
25077
18996
20233
22884
11862
31720
46668
38283
26755
15428
48323
39969
39860
9664
2951
15669
47536
41889
25920
2118
37503
9200
36959
45689
10614
86
35314
18477
29934
34497
13079
46486
48094
24434
35332
24570
14335
11927
16051
10032
21408
29171
42934
14677
27987
8835
19473
35708
48424
26258
8078
2924
25072
35098
29581
41029
18501
23946
21019
43917
24213
30879
14167
18816
34239
23864
24217
2142
6530
43778
19371
517
16296
21896
36781
36835
41176
6142
1896
11365
30675
34099
13130
31939
18557
1434
2572
26892
49053
30351
40378
46935
22640
30205
35844
25752
37234
22660
21976
47136
32633
48226
131
14572
13249
12320
12429
43393
44858
41069
18786
12424
4838
1416
12520
1403
30248
36471
350
28345
46589
2639
48494
29565
46426
32157
29273
19530
30943
35126
40710
23699
22841
11978
34350
30452
21584
41517
14835
29339
2899
14652
6245
31963
14932
40110
9784
42218
4348
45165
49231
19975
17479
14998
38450
29169
45907
47672
20199
24501
26356
8596
28214
14854
38910
19209
11614
25956
27009
696
13839
27386
37155
43536
31670
8888
37841
33871
3236
2683
34498
22741
43559
12495
5797
43644
30568
44085
30373
32489
8402
1437
17364
25504
43703
25694
32883
5191
42894
2785
30334
46781
40601
21526
5694
41858
37433
16419
48290
18565
1780
32137
30607
27907
5847
29503
11928
22522
48701
36899
36299
16488
11937
3950
20104
16543
42629
12307
2973
32611
46468
20066
5108
10332
22441
34927
10262
32568
23322
10065
23211
8900
6319
5730
6027
39389
44530
37558
37553
13833
2348
33433
49644
771
1856
1190
18726
27282
6731
47447
11909
37833
6496
27962
27433
15433
47868
42786
32091
13318
4010
23115
13003
12491
44679
6772
3087
22963
32722
43279
14442
29031
18614
7510
42097
19223
39788
26937
43878
31218
10504
6629
47759
4928
48222
32328
12026
18882
27989
27920
38314
17869
49056
31860
41252
24143
35188
4149
48772
5811
47014
48995
40726
43130
47756
4047
27599
7033
44520
1061
42187
23782
41283
2197
17005
28168
11487
49728
35561
39372
47930
11717
33747
42039
46055
41451
44255
9484
23384
2610
37023
11718
37280
42158
30745
44513
34173
17744
29807
20068
813
12479
33899
49378
48640
22514
21216
17681
7437
40061
48269
13226
42086
23292
44295
19523
16236
42293
29010
14355
29824
34242
31388
42922
19985
47852
15075
32529
34661
27649
17020
18039
17790
32434
3035
16927
37641
30394
11088
41549
39904
11981
19456
41799
18984
14779
24760
19423
29527
20256
45666
18660
19807
34108
17724
48172
42278
2417
35302
13248
12073
17920
9479
21852
4915
8712
40335
48879
8843
17539
21935
9861
3092
46338
24054
2229
19283
24886
30708
26278
28907
14929
32966
44103
47627
5448
9347
40921
45474
39555
48048
22172
1072
23020
9074
40864
1270
20425
41666
48357
38317
26344
825
31684
4909
35991
42881
24891
20292
16585
21694
38808
35044
25176
27453
22368
47964
19882
17800
43726
18167
35014
26409
28640
2109
21891
24734
23490
45304
49402
22127
33057
12453
13653
20767
37132
22875
42411
26839
19821
34555
5172
37344
17533
39066
46442
35338
10872
45606
25837
49873
9598
10273
22642
24066
27877
46240
6444
39637
17743
42323
8615
31277
30074
45074
5105
20260
21894
23780
35750
1291
46236
7088
5856
24993
37021
10479
11973
36934
16638
23257
39978
39685
35970
36348
27810
13788
13012
17567
36160
4495
49767
46323
47479
13216
24600
3524
29966
8552
18028
22457
47505
47990
23919
29076
18104
33996
33469
45776
35040
44494
5130
44785
24714
1888
9880
19944
5800
21095
25285
42617
7115
22746
838
15822
21994
43015
18608
31687
44787
27894
49210
26167
3093
49072
8045
44865
24412
15591
10113
1496
15730
19143
3760
32149
13212
33781
44104
6853
35939
32752
42756
47093
38183
19076
20055
37471
35642
45648
43108
18915
4096
11120
21900
17176
6571
34387
44755
11294
34169
43701
15356
27059
35340
16448
12947
10283
662
32811
48066
21583
18185
45307
19597
28610
33607
48799
34532
22145
39481
28288
10494
4075
8439
30002
33367
45767
35723
31579
25258
34506
43399
38887
10538
2086
24182
20981
39623
30369
7435
9402
37196
13478
7071
2424
12751
38842
26715
13743
23637
25506
35524
2272
17225
41586
27241
12256
48719
19551
34543
19891
5258
13557
23189
36205
9163
34472
13983
40421
5205
5923
6575
45684
17180
11908
35285
19939
25842
47157
15029
2591
757
49586
46010
23260
43618
34134
25666
41902
25166
43469
25767
25836
30170
21578
8662
20103
27753
13529
33470
5189
28853
7162
27674
24354
27440
28782
527
26792
12684
29354
15748
39152
31212
4257
49668
49991
3405
45234
39332
15579
36169
42225
27917
20298
18160
10591
32234
16794
7964
23959
26665
28865
19659
28226
16581
17093
2413
45442
22930
20919
45127
1205
26909
19564
29666
6367
35763
18060
36660
17588
39716
3336
28997
10184
31989
32892
2454
6433
16993
17651
7578
46367
27265
14948
22234
17095
13128
18690
2898
40337
24451
27559
48153
10020
26588
8181
24957
46737
7538
33848
21587
4250
26403
23913
39810
36289
5949
48411
34358
13442
35060
34332
4355
14774
22617
7587
20323
38612
14662
8774
24834
775
195
41120
15783
33435
42113
27477
39542
11835
27210
18472
19121
41064
32716
1852
15207
17669
46604
31624
45191
37938
46448
19291
13938
9154
29361
1903
654
44022
13305
39268
49424
23977
19017
4914
18055
30525
5542
38776
998
995
6230
28924
27212
24086
44726
14310
41314
35590
34035
34614
30179
37993
27650
21556
3470
23475
5378
36181
12889
54
37126
19629
6383
24759
46679
18005
33230
20736
29754
42200
18817
17933
27903
44053
46352
17369
19065
44586
40122
6141
29542
4005
48043
48783
10320
37192
24013
41839
33900
30578
47787
24638
8881
34304
32025
25382
7635
18029
33546
10545
32162
13234
38870
40918
13735
25096
5486
4857
1603
9722
23521
25954
20468
35700
12009
22438
8184
16992
42959
18968
31450
43617
36764
48377
16433
18699
37755
41331
7032
41387
45711
14877
46879
43311
7573
25889
35897
22399
25389
40466
4142
47482
14389
40936
8666
24429
43168
12647
5032
18874
39163
31305
2017
17503
28511
16342
35875
16554
29401
42750
21064
24868
41290
7198
27974
6667
27150
29886
42601
8328
41345
35721
6773
21487
27116
11208
2870
36302
26640
15445
37373
10682
22565
48667
8188
47516
1992
41030
28741
37845
6863
16485
641
13907
538
43565
6162
32576
9383
42770
41508
597
45111
6744
10352
47338
15375
27371
33047
1464
10359
42062
12175
19921
47124
15834
11097
37340
40301
23241
18491
10115
2498
42316
23507
8850
35086
4788
11135
25500
22673
45445
49774
22968
37564
39323
31668
33024
43580
46031
18771
35448
36259
32035
8618
22576
26227
2264
18763
28428
703
26000
22597
22129
34041
6097
5514
43961
16477
33206
19684
18591
3002
4704
20626
26389
34748
36281
45520
11346
17006
30018
37051
28169
2433
18267
5840
39226
43055
13117
45970
43216
36166
42313
38069
44186
31895
9351
6235
22053
7124
37742
16040
34232
26388
29535
25004
3791
47000
39875
44659
5136
36458
21516
12485
23925
10362
5675
22579
22783
24302
320
2278
34488
35003
16578
241
46823
26894
38970
13502
11719
35422
47022
36647
38852
14109
45473
7605
32690
22807
43601
29113
34263
3959
12416
43358
7364
36540
7077
27945
14909
24029
17927
665
12385
42757
45207
31171
13754
10652
5146
40002
36125
27697
5385
28785
23271
8210
9134
20465
32253
36706
19047
23870
13519
4750
46653
36694
14599
48975
5581
39410
2149
32163
24642
45261
31548
15187
32293
45708
21785
48678
19360
2254
32976
27039
40235
9913
43707
36213
43419
22031
26994
27598
31132
24296
19850
45019
22084
45998
16241
4791
20082
5079
15444
22393
10488
38924
40381
18868
25592
42713
10388
578
46913
43724
34695
28282
6655
36883
28240
38533
20163
16332
3274
33696
28901
26065
13076
39757
37678
71
31928
9741
41179
13693
16760
39573
7938
29548
38877
5368
42066
6910
21008
24724
28957
30331
40454
32616
3132
41480
7350
22666
22676
31208
4335
21225
28419
1730
46769
17560
26566
47267
49332
48623
49478
45188
24728
32208
48617
12645
25235
13347
38704
4343
28349
30009
16361
34804
705
23881
24603
2553
22861
37470
20018
16184
24248
2842
24694
26528
28134
1476
5057
233
7602
32326
9398
5916
10731
1058
16905
10754
37624
40038
21780
47873
45889
47358
19810
10381
2060
48638
40812
21285
9101
41696
16001
30588
34098
29198
16750
14884
9904
5331
29308
48450
24953
44814
18575
27665
40320
39824
2093
17627
42622
2201
905
34008
12371
22976
41441
23013
16068
16359
33285
44980
25532
39773
12740
49227
26842
39473
10107
18858
38661
43184
26229
5703
42110
33522
32141
10172
15959
18474
33777
26789
23665
38932
21072
14628
46698
38082
16608
48697
11772
18064
38091
19972
16987
29648
755
33545
11647
32298
49842
44733
45180
7059
13872
9360
8923
28521
42249
39146
11974
20302
42404
38445
1142
7769
16946
39895
15758
4186
7257
41527
13206
3692
34077
27061
16201
29634
29075
43464
7532
45679
31050
30188
8826
46818
13430
28540
48842
16661
12473
25603
32405
7332
29183
46102
37407
36548
18734
11844
9939
6351
6024
27766
42164
34960
15050
49251
15226
31647
32125
17167
1498
1602
43543
8937
31789
31096
21448
44125
31069
20642
33854
48944
6169
21774
36073
39728
646
32984
30368
9829
33058
23447
49788
47266
23902
34153
14816
8894
25196
3593
2650
2674
12128
44294
34601
38755
35771
25441
25485
5808
10959
25983
48227
15483
26087
370
21918
4551
22402
37140
28767
46365
46795
26489
31187
37486
23792
14669
9099
42964
13963
18220
38296
13393
18745
37022
21280
19816
17253
31234
47855
6072
3702
37635
40281
1727
28253
1878
35203
21767
6028
23449
650
11699
49014
23584
22923
37200
12829
18782
20728
45704
35600
26367
1057
23974
28555
7530
29367
34240
36150
6127
49035
14775
385
17705
45953
40668
46005
17818
38522
11230
17737
27695
29877
14811
11902
18566
32113
25545
36615
2275
16414
22363
41367
8660
26180
20856
2138
20920
43364
42274
42056
39355
31792
35140
1895
36702
18995
45820
8273
13854
4817
21862
36240
36501
40174
20924
18250
948
39457
3103
1337
31965
38734
36560
17755
140
37139
42412
29644
39517
45855
806
33271
6983
3798
25223
1344
48905
30003
39527
3947
13106
28581
43709
26925
40069
48266
10459
11007
1163
25613
743
23443
27230
44225
12276
14550
36157
32901
46361
7487
20382
7252
20477
14304
272
29227
5776
26882
17967
8118
16426
31411
17084
15683
36761
12201
11885
24523
3382
35278
7820
1886
9353
7568
21220
3396
6827
14742
34796
38365
12927
44740
10645
11002
5887
33275
23787
45519
8035
49938
30423
48734
17395
27268
41408
17219
39701
3574
34745
20162
30063
37602
4922
13701
19656
19978
30457
49148
46832
37380
45726
36123
23841
49932
7870
32071
36015
31359
379
9366
35629
26800
37657
48894
34196
28442
21284
9614
37100
39663
42166
18097
43660
29651
28066
32022
41370
33565
2287
34137
19487
47865
43091
34683
41209
21430
18336
24413
9357
23010
25798
49588
5733
39967
28708
23539
10730
36534
2418
20450
33771
26716
45198
2769
13707
49011
27547
34164
37055
39388
43262
27478
23270
40835
32910
23875
28292
23180
20804
25071
6314
40282
10275
9579
6894
429
7644
10839
44161
49725
4921
29220
26187
13866
25897
46357
7200
973
18834
46995
20354
5433
45263
43774
35381
48930
47622
2338
21171
36192
35027
37676
44381
10198
430
3787
45101
19180
40736
24080
40537
2932
19210
39227
49694
7688
45593
4887
49237
39617
16464
17815
16089
24283
25040
42808
40615
48006
9551
11613
26782
23908
15769
26047
26933
40841
34557
10845
30611
45635
21295
44409
44147
21289
13554
31901
9395
38332
16266
31555
19594
14959
32461
10400
28480
6477
16570
27549
40
17445
3271
17794
361
5366
7483
41655
49
12656
18224
15831
20679
45894
8468
7020
29286
32760
19646
49808
2724
5993
14792
9160
6077
18230
20019
20663
33599
27628
43902
23467
19761
15082
23842
5660
4778
13495
33856
4377
40260
24106
18379
42147
12049
3262
13127
40890
47958
43949
5569
29596
330
28379
24252
16093
14092
34551
11672
39616
11163
6677
7310
1246
35336
4398
46735
22369
38682
20698
14384
42917
10670
2000
4110
4956
39168
47626
26870
32943
31264
21518
40223
32412
42785
2607
27681
21320
34818
16413
6595
1357
13323
15176
13823
8890
9241
31552
20157
46191
15897
38730
26929
21738
21271
17356
33917
16493
12038
4730
7535
11058
16447
14206
35746
22622
3591
24637
17763
18676
26424
23044
38492
29590
9520
13412
47004
44555
2202
7411
10085
8473
23401
26823
20788
31289
30676
27426
16722
31181
25949
31255
49672
44523
42621
19866
48857
37753
18407
39751
18356
48356
29742
302
39374
12207
15472
14130
42927
43123
44840
44408
5500
37958
34735
7584
19797
41543
1862
4125
21222
18310
45733
49214
49233
12154
26050
44522
4669
41603
49474
16518
14362
28197
45444
37018
5369
11435
7170
3101
1113
43009
27187
35323
32885
14802
4972
37444
6211
37955
14305
5267
18909
21709
45183
46497
5906
25835
44754
37701
11831
43
41411
15746
12782
35171
19513
47837
43145
12290
3931
4146
43873
15944
25672
5727
10659
47436
17661
9507
24816
39706
37070
15171
9684
48525
21576
19055
9665
31089
49850
26585
23554
9768
15112
19567
24241
30924
29125
18523
22004
32686
12888
21941
41174
44084
46970
40323
45634
12005
36355
42833
25499
7737
40552
33203
22797
40409
38155
29341
15575
33990
48791
6244
49258
1466
21936
11792
34852
20607
12010
36825
35033
3219
42298
49666
35376
15563
27741
5674
1124
6813
34207
42379
36375
11679
17561
11501
39360
16330
14748
39634
32278
26092
4967
49250
44879
44278
34266
2867
36308
29326
49078
48340
47971
22208
19429
44759
10185
557
40875
40538
12598
19819
21705
47699
40070
47817
45712
8061
47108
45274
42155
27500
49008
3281
12897
37116
49659
12697
1131
7134
47764
23448
21009
16541
18273
48656
13452
16811
15158
49950
29229
9027
19062
2778
48076
4795
10163
24154
37377
45351
34743
20699
12233
19171
49819
21997
39299
30432
26498
24349
21312
12051
11185
14377
48872
41662
7190
33180
20704
17474
10377
37501
47767
19670
22623
48609
1404
6902
12704
38220
16055
7232
9107
49290
36510
5779
30565
29200
38234
25466
18198
32761
4120
21563
24160
4424
16258
40140
1198
23369
22117
11388
1412
41147
10464
45826
35319
41843
30055
47461
44585
3023
33169
47939
15639
35820
22820
24765
14043
27361
4135
2890
48256
10088
2461
35432
29857
14087
3930
14269
24936
43498
979
39483
1195
7970
19033
21082
21552
16952
31347
4801
1524
35584
13340
19004
45618
30319
23900
47974
42989
27892
34182
4993
15504
17306
33979
9185
43072
23336
28131
7073
29912
12151
42521
16034
494
21905
22848
28038
35257
9166
18645
8554
41046
29975
29708
27576
34940
48186
10892
40088
21497
32772
48744
43963
34859
12430
39162
2007
41177
37979
14153
5452
25001
29400
3989
34163
28752
9866
32294
41640
38339
23944
35617
33995
17840
8946
17616
42993
11366
40431
42782
2773
8338
21792
36952
37282
45958
23056
39832
25019
41428
19938
25850
14192
25345
26175
22838
48302
34160
39396
30242
33139
24678
8995
13906
18074
19676
47602
3707
8509
23489
11376
16407
14354
2713
39796
36025
21884
44972
637
16024
6438
40481
37919
22420
31754
26485
16129
5766
47853
40672
14849
33467
18161
34992
16967
30208
34895
10982
3147
8423
2316
10048
8897
40109
11680
3295
4724
46428
2222
9392
7327
40739
26713
10983
22357
19815
32210
23442
876
4478
33052
31157
42692
29946
2909
35091
23910
48255
42712
32013
10570
44927
5541
41131
44334
15322
1170
42840
5273
2365
48850
12467
41754
5164
33408
26556
33314
17285
46298
29094
34976
25700
22685
14371
25751
19415
27528
40762
16379
36480
11812
5039
46572
13142
25043
22548
25333
17298
3225
4642
22323
39166
27338
44819
40825
47716
49137
9929
37129
5771
43497
16738
42683
49641
36913
16606
11053
14563
32906
32027
17214
33887
19198
44850
29338
19231
32624
4070
45794
38324
33841
12575
36212
14249
34769
20251
44102
21203
25862
48197
49190
9121
23432
11975
15757
19786
10129
21825
21542
16871
21944
39083
46469
44319
14394
32855
31145
38622
40618
12537
44087
27585
1236
25533
36195
29495
17202
29863
1978
34763
26113
41921
21372
8384
25769
23656
46569
31649
3737
42569
3057
26215
41016
30468
78
31909
16438
1318
44559
17376
44597
4962
20934
11843
21456
23587
30455
30971
2286
27409
38306
2458
48847
49045
8125
711
2747
41840
25838
42582
39059
40163
42561
35810
334
32169
49314
4562
22230
1258
47564
788
28407
25791
47842
48504
44279
9015
39590
23141
18384
46008
46038
37825
41867
18120
8630
29619
14116
44217
29673
30530
23967
37849
13886
7955
3436
34274
1958
14894
25930
6807
29154
46036
32562
1594
29126
20072
31656
23968
20313
38456
35388
39088
14457
40443
21978
37660
21639
5551
39561
25433
26453
31057
33940
45977
46923
34961
28863
7024
22796
43024
6747
22346
49635
18425
38062
42665
30083
42493
798
29540
22246
24803
16259
38480
23504
34674
28730
23775
49883
24770
46764
1970
17902
45787
27000
27318
10883
14561
23905
11241
5175
24913
5929
6552
17993
2207
7399
27653
2685
2486
20555
43447
26262
42809
9258
31631
33679
7477
21440
25117
14673
15262
28501
2761
2823
18365
38851
2600
46857
38446
119
36456
49766
43735
44036
42567
48472
8787
49476
25584
4203
881
36153
23645
28719
1385
34167
40448
41885
17100
580
677
19658
31931
2151
24906
33933
25411
39530
28458
27326
1983
23197
12048
8135
9569
33353
16467
21184
27474
27152
28324
5511
5705
32308
33683
13637
38003
21339
2503
37780
43134
37491
9725
6753
22632
9399
12079
49228
23480
25172
36233
33525
35392
20888
26896
5954
19146
35910
47611
38945
13633
21446
14407
9253
26269
37829
33690
37098
34869
8300
38524
49134
3370
6311
29980
4538
13290
30096
4519
14262
34228
6275
18872
11218
5728
14520
1579
7521
21078
3745
37830
4264
11496
20484
3039
49195
13466
35691
45339
46626
32126
30587
10157
48801
18237
22905
37950
14953
37283
30
25163
17942
29621
48544
29967
25362
30201
29207
22006
41694
4144
42439
1953
30317
25876
32797
13034
3572
45310
40702
13711
43727
20635
15887
41690
49776
23230
2741
34480
38799
49182
47133
5168
22293
33897
1225
21601
20063
9675
30803
14773
42653
43896
6201
28216
1670
35365
16284
48859
41180
21667
25521
33602
30051
5940
24424
5415
29394
32638
1296
26742
13174
44994
6767
9642
21133
49657
1874
9673
35259
21177
38641
29814
32000
47735
2912
7055
12480
13425
6350
40796
30029
16409
44768
3418
41979
43532
36359
44564
41895
39622
32653
29013
34204
821
36277
18525
13001
12753
39699
26709
34201
31864
37131
39193
19981
44723
7450
45340
38409
9465
44510
35186
13107
2332
6243
13739
5721
31801
35128
21666
33984
41463
4106
42991
3754
10612
14971
26326
32508
5257
33374
18528
4811
28357
32874
43719
30048
21334
7276
45910
35683
13028
17738
25814
36661
5580
43652
32599
37642
9310
6081
43204
582
40135
44793
8478
44378
43503
46407
3154
37271
16500
2054
49994
46229
877
23932
5217
49421
21138
47356
40716
176
33451
37080
30238
16204
15305
21279
35881
400
34922
4046
39177
33959
43877
31667
25099
37406
19353
35467
43137
46666
37169
46981
17207
14045
15735
38385
29702
5652
49835
25051
49080
12470
48636
24826
427
15533
35445
423
29428
9426
46519
26850
39031
38322
39583
2817
25711
31849
21588
45279
44421
47689
40656
32723
7783
5582
40227
4453
45264
40953
48142
24683
21466
26700
32685
43766
49116
15830
6737
34422
6786
9822
26908
45738
49552
35121
13511
26473
25241
26004
24968
47579
35920
9612
20262
10027
36137
39631
43793
38493
8479
42142
29713
18197
45400
7882
15213
30146
18002
43838
5081
19074
18791
13836
4514
15727
643
11220
822
42447
12523
36979
19064
45331
3466
13842
30684
13515
14270
21481
17163
2376
934
16643
36325
18885
27332
19569
26830
29785
42605
14124
22562
7675
9248
31929
39489
30066
44651
954
37876
6420
14115
6295
32552
20908
8825
18011
11569
44846
4320
11904
44151
14586
34761
42304
31061
35311
10925
22043
2065
44012
15003
9537
14798
25104
22852
28548
25841
33031
23479
24658
14898
28734
8993
37076
7485
36587
11457
1408
27079
9304
10920
22428
21027
48140
29311
19960
14461
35227
4293
10137
38677
17999
12018
